[B738RAM]
DOM = 85710 # lb
MTOM = 146300 # lb
MLM = 146300
MZFM = 138300
CLmax = 1.694
CD0 = 0.03515
dCLdf = 0.9
dCDdf = 0.09277
dCDgear = 0.04003
flaps = 0, 1, 2, 5, 10, 15, 25, 30, 40 # deg
S = 1344.0 # ft^2
b = 117.42 # ft
e = 0.75
Tse = 24200
number_of_engines = 2
type = 'jet'
